on -24 26 -5 40 -7 41
on -45 2 -46 2 -20 29
on -8 39 -3 44 -25 29
on -22 30 -17 33 -39 8
on 3 48 -43 11 -3 46
on -40 6 -11 34 -6 42
on -41 12 -23 31 -11 41
on -38 9 -47 -1 -11 33
on -36 9 -42 12 -18 32
on -9 38 -4 40 -25 24
off -19 -10 38 47 23 39
on -16 31 -7 38 -17 35
off 29 44 -30 -12 -34 -25
on -37 17 -12 41 -36 15
off 7 24 -15 -4 -7 10
on -8 40 -28 21 -43 8
off -11 -2 -37 -21 7 22
on -34 10 -28 21 -24 22
off 2 16 -30 -18 36 49
on -35 16 -49 -3 -22 30
on 5609 42139 50616 72254 41186 72055
on 8139 25638 13750 35548 -79037 -70984
on 51479 87500 24707 48115 -35295 -18227
on -73373 -55575 -50506 -23676 13875 21644
on -607 11075 32563 61072 -73961 -60677
on -54644 -32648 36095 52276 35524 44082
on 3293 21195 23897 37964 64664 86731
on 16277 34415 -51093 -44153 -65799 -46099
on 57734 71356 9270 32187 -47281 -41642
on -17556 -2370 -65143 -40143 -65900 -42874
on 27731 54850 -19951 -1638 64477 78243
on -46220 -25546 49098 67401 -24289 -8395
on -75694 -55646 8031 19015 -63498 -35375
on -82098 -64478 -7489 10895 -28050 -13416
on -17763 619 -38818 -18917 62021 80644
on -4036 21697 63232 90278 9932 21454
on -51009 -37805 -48120 -12965 -62976 -42322
on -10062 13435 -2713 27657 -95464 -67967
on 53211 73081 -23539 -1570 30720 43005
on -87267 -52185 -25633 -10717 -57489 -22751
on -32246 -14833 40609 75319 47772 65055
on -28576 -9217 -65715 -35614 -66074 -35414
on -62100 -44706 -57479 -35266 25863 59774
on 60075 84270 -39918 -27513 20052 37583
on -69755 -45869 -53994 -23866 25435 41774
on -81219 -56849 34988 67299 -36361 -6405
on -34896 -20511 -347 23007 65255 91319
on 31628 57325 53947 76849 -39280 -15147
on 2567 24296 -90225 -75834 -9435 -5411
on 66209 79130 -1616 27541 -28640 1210
on -56973 -28039 9052 28251 -82655 -45613
on -21899 3543 23278 40219 56829 77737
on -37829 -22108 -63324 -34494 49476 61540
on 27796 45837 -8932 13099 -69432 -64995
on -26462 1385 -80972 -64977 23581 52939
on 18633 28209 -29248 -12757 62374 85976
on -63102 -52110 -69518 -44021 5993 16383
on -38388 -20775 -73119 -59089 -29565 -12624
on 54496 71150 -2290 27080 -51819 -40956
on -62145 -38898 37344 47889 -46932 -22048
on -10609 -6237 -2296 11308 75214 88196
on 43193 64498 44990 67787 3458 13502
on 24383 31323 -63066 -46002 -57425 -46587
on 31586 53656 43699 64126 -70386 -49751
on -6151 16087 24273 36658 67208 85968
on -28144 -8234 64628 78855 12447 35783
on -27791 -7570 7608 33671 56408 76897
on -71639 -37867 4786 41009 -65116 -49576
on 29202 54934 42169 71478 12165 38477
on 50789 86692 -27446 -11708 24940 46842
on 68399 77340 -42140 -5435 23709 40953
on -50452 -17475 -55608 -32284 54133 62151
on -4270 17413 -91556 -67738 -44049 -21075
on 43903 60390 -76164 -65052 -13211 19384
on 21664 34686 57591 78789 -43915 -30761
on 18428 25188 43685 82567 28711 62777
on 4529 25520 -6802 9035 77117 85087
on -74034 -47153 -2394 12502 -76632 -45849
on -43913 -29276 -54624 -37109 30419 58292
on 64879 76845 13634 34024 12635 43854
on 6776 30399 78355 79046 -5764 4016
on -63878 -36489 -40818 -12939 39742 75011
on -36585 -8062 6370 26056 -96611 -70555
on 37751 43126 61066 83536 -36569 -16414
on -48606 -38344 -48139 -39347 -65833 -47665
on 31017 41410 -36971 -24044 -71220 -57847
on 49779 79602 44542 67326 1267 19402
on -3734 20108 -94944 -68655 15541 22442
on -76300 -56024 41858 53403 11257 41111
on -71004 -31442 54465 65052 -2000 12106
on -72678 -54704 19816 43407 16364 42379
on 51009 68895 48481 66552 27724 51296
on 34066 51509 -42616 -30807 47689 76423
on -77470 -45422 26655 43016 -35815 -23824
on -24634 -7013 -30296 6379 77946 91093
on -56781 -41432 44942 63297 -47009 -17985
on -95213 -74134 3343 23741 4229 24279
on 61302 81326 -25844 -8209 -32882 -14100
on -27390 -10821 -51218 -44783 50786 68594
on 63238 81345 -39734 -17596 22551 50195
on -87553 -62611 -42771 -24651 -27754 -8749
on -60203 -24396 -74674 -43580 31078 36420
on -85144 -65273 -18554 -5394 -32092 -209
on 32349 62192 -61244 -32184 -46708 -38457
on -72 22257 61503 84258 -3970 29653
on 66230 84830 20332 41514 4985 16780
on -58039 -36988 -70196 -53336 10247 13477
on -24566 -8681 -94004 -69717 -12041 9481
on 10334 48181 -2471 19711 56585 78548
on 10784 32229 -93847 -55900 -9229 18824
on 49587 59448 -59851 -45347 22113 43481
on -87533 -53634 20220 49745 -1116 16729
on -58815 -32234 54488 66930 5900 28577
on 60038 81924 -8318 8718 10223 33033
on 1923 18495 -3102 10532 -88329 -78503
on 59672 77715 -40626 -35390 25608 48293
on 36297 55036 42437 63782 42407 63524
on -23687 -10746 66374 84343 -19848 -18228
on 18593 52199 59997 81390 8310 28040
on -43261 -30680 49936 71924 15139 27826
on 35496 47786 -12482 5630 56734 85320
on -11550 4633 22405 47480 65911 80353
on 22211 55607 67503 76616 -14547 15509
on 31740 50903 20939 45236 56027 65915
on -59565 -47991 -35634 -8161 -61081 -44540
on -38974 -22039 -73909 -46420 -56927 -23880
on -74964 -52180 -31583 -19856 -41266 -30469
on 47266 62217 28096 50912 15665 51527
on -63614 -50704 -60364 -49979 -43673 -19528
on 15575 36146 -83099 -63073 -42166 -25456
on -79690 -65131 -24877 -1230 11120 41246
on -4523 17702 -78697 -60385 -29305 -4029
on 17261 34049 29661 58479 -68165 -46907
on -12400 -1371 -71489 -47076 35766 62650
on -27789 7729 -68135 -58589 -47273 -39728
on 68157 78687 -1072 34504 21557 38840
on 26633 53469 63581 81530 -5982 18405
on -14883 15553 -12471 -980 -91754 -59136
on -23533 8244 -48008 -17971 67528 76082
on 15266 44665 17502 45948 -80561 -52835
on -31325 4257 -50621 -29084 47197 74972
on 23948 45584 -36756 -13871 68270 72042
on 56171 85675 -25761 -21142 -24997 -18805
on 6696 21116 -50725 -36582 -83039 -62967
on -49287 -12492 39255 73957 32589 60831
on 18208 48850 -64186 -49655 24081 57383
on -21089 -7291 -86930 -59579 -21635 3264
on -1051 21830 -39146 -20118 72471 87333
on 30008 54632 -26147 -14778 50822 75191
on 11924 24704 -75577 -56492 592 31488
on -44629 -21430 45361 66637 -51786 -41834
on -64884 -41525 29231 44102 37768 57059
on 31161 50459 31604 48054 34557 64400
on 36738 55399 -74618 -44434 20578 43396
on 31022 53044 44842 70018 -7706 11821
on 63243 78624 -39042 -14303 -41860 -26158
on -42292 -22356 -55239 -29985 -57631 -36306
on 11253 34902 66292 72870 13002 36097
on -35282 -27032 58835 76923 21050 43979
on -84223 -62785 23112 43514 -42672 -13754
on -3350 478 -25145 -18191 -96080 -76187
on 20678 58328 -44508 -28464 -79988 -46699
on 46735 65375 13436 31366 -61282 -39841
on -87711 -56748 -28789 -19538 14406 28075
on -16659 15248 75705 89199 -15472 -7958
on 37345 74844 30092 51621 32635 44277
on -64462 -53285 -35306 -18899 30878 64940
on -26468 9099 42324 54559 45489 65368
on -19257 3337 -92931 -57803 22799 39671
on -3207 17264 -82989 -76889 -15319 15172
on -41286 -18429 -35843 -7024 -82527 -54781
on 46286 82418 45348 57767 -3147 15690
on -68262 -58307 3806 24403 46854 63291
on -130 19564 3660 22398 -85573 -60617
on 16126 21930 -73316 -53369 41777 72710
on 24638 46417 59182 72626 -16321 -9098
on -17331 13083 39384 61561 43236 71832
on 58036 79808 -5373 16227 25801 34299
on -40853 -22516 -17119 7328 -74970 -62490
on 40030 60204 18303 47126 -59685 -48847
on -11309 4853 77452 85277 -14797 8309
on 50697 76119 -37705 -21349 16877 35940
on -48798 -34053 65796 89714 -2575 1025
on -16559 3651 -33716 -11780 54873 82732
on -53556 -39892 -58433 -41327 -66705 -42978
on 31485 53700 52203 63986 -52967 -38293
on 4645 34468 47508 65982 -45654 -40573
on -87512 -61767 6790 22442 -23374 7647
on 59975 70806 15542 39573 35499 45575
on -74085 -55250 -47922 -36188 13039 30061
on -42528 -20698 41530 55735 48991 67104
on -87979 -66482 440 13808 -32465 -23642
on -14076 -4393 37994 62252 39287 71929
on -25886 -4644 45326 48886 -77379 -51968
on -47147 -36465 -74452 -48425 10318 29932
on -31507 -1301 -30373 -421 -93597 -67747
on -45910 -19800 54517 62836 -56562 -33021
on 104 20657 17332 24054 76824 96308
on 26139 40030 -72609 -36391 37678 59023
on 46 22292 -824 12892 76343 80061
on -2288 34312 -73030 -53123 -38055 -18627
on -38406 -17990 -70593 -48253 11172 41994
on 53817 72838 30506 38661 20182 34018
on 23826 59739 27582 45188 -73343 -54685
on 69351 80614 21219 41796 -12098 8356
on -59032 -52617 38452 61481 -36164 -11453
on -78661 -66064 -32492 -17544 -26945 6954
on 10567 41318 -6570 16020 -83637 -62446
on 9860 43000 59037 77653 28387 50945
on 16721 53302 -46639 -23839 44059 73945
on -70827 -45187 38190 43530 -61084 -23749
on -48399 -37142 12255 42441 52908 85567
on 53405 79594 -23626 611 40605 64733
on -10784 24303 -1626 26389 -92863 -74120
on -30008 -13275 17141 39972 -74455 -59803
on -6202 16746 -83782 -57692 32739 55293
on -45054 -17786 -55632 -25509 58440 65430
on 49496 74995 -64557 -35933 8931 24566
on -13760 16677 41402 63662 -70515 -59036
on 38379 59137 30491 44422 56353 60342
off -24742 2249 -40926 -3720 -79933 -68774
on -47325 -25534 -58380 -34831 -50258 -33652
off -47733 -27521 -27721 -13863 -73170 -62200
off -83945 -60815 9850 27838 950 11237
on -530 24203 -95800 -73924 5070 19491
off -36864 -20946 -81347 -61739 32668 38474
off -36656 -6098 72706 79591 -11424 15174
on 6555 20362 42918 57995 52048 63685
on 18067 31412 -58953 -36726 44579 70711
on 53722 85902 30739 38467 -32023 -11344
off -81371 -60561 -65573 -46474 -9980 13573
off 51596 60885 51447 61598 14876 25419
on 9488 19184 -74843 -47054 30892 43361
off -61912 -42820 36018 62340 -32665 -9794
off -37542 -14885 15720 20744 -76697 -59487
on 63813 83567 -3073 13000 14110 37120
off -49487 -22977 -4273 21397 57477 79719
off 10818 44502 58900 92027 -39589 -17569
on -81807 -64293 -45192 -19647 -5341 -2784
off -55478 -23678 63712 66028 3567 32586
on -20385 -11203 5509 29180 59392 77809
on 57144 88328 1538 22221 -4725 18757
on -33107 -27506 -78667 -64060 6017 36762
off -6314 978 -10623 -1488 60312 81937
on -10391 17165 -81923 -65966 12889 23243
on 41093 62251 31584 32807 43154 52764
on 77653 90977 -10639 11259 2453 9348
on 7494 26381 69669 84849 32979 48213
off -8343 11654 58528 85182 653 27032
on -735 5301 -87893 -68784 24849 45135
on 1953 3062 -94925 -77283 -22865 -4449
off -45826 -27171 -69071 -52430 38802 68061
on 21665 40847 -54263 -28366 61334 76237
on -32924 -20574 47633 79790 -50136 -39232
on 54685 71349 -62557 -33089 27476 42665
off 59754 78538 -35932 -20483 -32172 -19830
off 37861 65730 39985 61002 23504 41344
on -74741 -47204 -59872 -49002 -28833 -781
off 3476 17668 68198 75910 -27254 -7235
on 66069 82770 24216 49941 -36134 -4273
on 48702 64171 -77237 -41211 -34982 -1805
on 13809 37676 37331 63848 -67520 -47332
off -18241 -16031 52017 61954 -63105 -46761
on 14524 47366 -57403 -30601 -75860 -50889
on -7270 10637 43987 70276 -66420 -39961
on 4353 21415 52505 69508 -41724 -39623
off 15496 27979 -74457 -55950 -40425 -18614
off -61972 -46394 -68745 -45678 4749 26885
on 26688 43626 -60783 -36136 44084 65094
on -32202 2413 -80250 -61117 -42809 -30759
on -50400 -36122 59938 78775 8249 14010
off -11808 24477 51651 57523 -69325 -46448
on -72349 -50943 24709 44458 39052 45249
on 63477 83481 20482 35519 26467 33943
on -53722 -28581 48617 72280 16735 47820
on 49779 69562 -25355 -12335 50965 65593
off -48670 -27527 51878 76129 11927 34996
off -30203 -9313 3312 31262 52940 90888
off 1812 13806 -17395 -3209 64631 87790
on 9684 32379 -81732 -62642 -24074 -10379
off -75011 -65777 24070 39654 17202 40909
on -87679 -76918 -4558 8948 -6232 20254
off -55563 -46662 -6715 4715 44509 62432
off 42661 65781 9857 32909 54272 62826
off 71075 81678 -6479 -1703 -44516 -18005
on 4952 26523 59673 90782 6095 15047
off -42384 -23511 -73105 -64330 -16602 3227
off -18148 -13132 22123 45117 -68689 -48648
on 4167 36103 -81411 -57974 -16361 -4273
off -51893 -27570 8739 30622 -78519 -54862
on -40940 -11382 -35819 -18301 -79311 -70893
on -52365 -35244 -67742 -51897 -49275 -25507
on 37183 41081 -76942 -51334 -39459 -15473
on -47076 -21857 43859 61060 -46364 -23097
off 50139 67202 11617 31573 -55825 -42177
on -69608 -58351 36696 39390 28928 54334
off 17230 35559 -73061 -64573 -27327 -9096
off -32668 -6290 -81343 -53810 39217 47010
off -6941 15440 64673 94579 -5171 12236
off 4489 8029 38739 57877 54997 71455
off -42969 -27400 53522 85284 14237 35322
on -81995 -62662 -60753 -29868 -23137 4932
off -18900 18279 59306 79233 39188 71799
off 34064 42255 -4729 2608 53674 85548
off -30227 -12262 58379 78470 -2724 -105
on -11439 12606 -54284 -46038 -76593 -51849
on 26252 65651 22769 45282 37142 67767
off 54913 74386 -18197 2522 28541 55427
on -43171 -21729 29666 44627 52869 73931
on -40605 -26003 -25028 -2467 -82282 -49850
on -52773 -34236 -2753 13844 61651 87231
off -93799 -65698 -40603 -4419 5278 27507
on -28724 -13489 -22427 -14352 57929 90549
on 18655 36786 62146 76247 -31256 -22934
off -42346 -5229 17564 32492 69392 84966
on -24455 -17132 74434 77431 -21501 -8410
off 25211 57315 13740 36003 -68801 -56185
off 27 24904 75904 97782 -10719 5799
on -49260 -36416 -2846 34476 52796 76381
on 53581 83019 -4353 18661 37179 50767
on -64156 -41167 51996 64637 24073 47589
off 5644 33414 2470 30586 -90196 -64061
off 54810 84305 -57338 -29450 -2234 9839
on -85272 -75168 -22177 1744 -31707 -7326
off 32863 51637 -31704 -19915 56733 69791
on -66125 -35317 6125 30008 47036 79335
on 55590 73405 -13895 6890 40189 68070
on 6079 24303 -86736 -65081 -17630 19062
on 37640 48571 -68891 -51790 -33967 -3104
off 8625 20808 61479 75865 -47719 -32119
on -28358 -26349 25083 34274 58867 69718
off -31999 -13374 -62161 -41315 -60908 -31114
on -77428 -70852 -4432 11626 -43163 -22549
off -12405 8575 64536 88112 -389 11193
on -7839 23604 9649 18002 71320 80369
on 9903 41159 -67049 -35226 36893 65184
on 7673 23235 -28519 -2042 -76945 -56528
off -57904 -35587 27900 44561 51948 77633
off 8565 13720 -73480 -50019 49621 54335
on -56404 -36399 -57375 -40927 36712 70219
on 70684 91311 5805 11539 -34339 -11998
on -37304 -27013 66245 84813 29697 35104
on 67668 84252 7104 39933 -18209 1515
on -10662 7773 -72594 -61831 25855 50662
on 26653 57985 -52054 -28671 -58493 -40415
on 17227 46111 53917 85222 -41020 -22517
off -24743 -23426 -38166 -20539 -73558 -70558
on -71444 -52816 42181 61021 -13175 13567
off 38239 67388 -47432 -35883 37000 49998
on -29372 -10740 10145 18327 66536 86250
on -74091 -53011 -35460 -2123 10863 36485
off -830 26012 -83838 -74027 -17749 4332
on 39856 61767 19212 36644 39104 68753
off 58969 74710 23746 48082 -36731 -13095
on -46857 -17761 54517 88038 -21028 4865
on 5757 31806 -87159 -59641 21926 45050
off 57158 79794 369 22188 -38467 -16755
on -22198 -6915 20120 55734 -77326 -60268
on -8295 15579 27424 42200 -80784 -62186
on -70154 -59688 -37012 -10957 33343 53899
off 6596 15666 -17845 -165 71385 80703
off 18021 36900 35594 57867 55564 66934
off -36438 -22194 -74367 -65732 -33994 -7716
on 34321 65894 24729 47784 44010 60150
on 37440 55824 40602 67577 19739 39032
off 58890 73594 -4182 4316 -42633 -14798
on 15171 33924 49029 65558 -61087 -33220
on 29532 56508 51669 74738 -33565 -5605
off -71184 -63148 27975 59373 -43298 -19545
on -60077 -44310 54154 68101 -7114 3158
off 62585 74266 20842 33285 23976 43591
on -2872 26017 -91343 -71379 -6102 8061
on 41592 62416 -60063 -32783 8821 34878
off -25312 6506 45464 69626 -61839 -56490
on 23936 44808 -2387 26444 -89650 -54771
off -83092 -59003 25545 49808 13822 42003
off -86923 -66776 -34795 -2691 -17352 6044
off 71523 83477 -14130 18457 -41065 -18062
on 77806 95470 -19234 3652 2341 6426
on 19824 27633 -67834 -43300 49127 66225
on -71200 -47334 -53184 -48462 -12733 -6216
off -53021 -51480 -12549 7458 41350 63702
off -33512 -771 -42099 -16505 62759 74194
on 34807 47110 -70974 -42229 -53462 -42371
on 66762 79760 -387 21133 -1509 18944
on 43420 61556 -21987 -6645 -80823 -47708
on -63729 -50036 10611 32202 -70719 -39403
off -38050 -17413 25687 43690 -73084 -59525
off 6350 18248 -91079 -62333 -37340 -27594
on -32608 -9043 69031 79721 -21063 -630
off -87007 -63742 -49906 -22057 -17417 3476
on -17673 963 -57481 -36146 -76921 -42934
off -79831 -50990 33844 51773 -25828 2983
on 15672 46344 -57937 -32656 -67008 -48368
on -49967 -27963 -81228 -52999 17158 34774
off 18153 43168 -85201 -60731 8057 30431
off -67119 -47969 -51209 -29317 -54436 -44903
on 57416 73315 -29876 -23159 10433 31168
off -15008 -1047 71855 82302 -3495 22865
off -52138 -40439 42840 55947 -46363 -15750
off 64773 75014 9560 22050 -38909 -19955
on -31122 -1534 -22615 6714 -87340 -59806
on 73201 83039 -12709 9883 -28495 951
on -33265 -13215 -77820 -55917 -37084 -20515
on 23818 49626 -12581 9343 -69309 -52153
on -77351 -52406 -52921 -39440 19081 36358
on -64586 -51868 20667 34234 -48558 -37167
off -91514 -74820 -6979 23809 -8029 3818
on 22909 48595 -4908 23549 -75631 -58012
off 27777 35250 36781 44804 39450 69918
on -45648 -27303 23384 48276 -64720 -45918
off 21298 46435 15936 43855 66654 74582
on -498 17127 18495 44964 -84124 -61584
off -84477 -58932 -29078 2680 -55341 -44338
on 63128 84454 -19533 -9427 -41106 -27274
off -25136 -5974 51930 85546 25807 35948
on 50137 88583 -38201 -20317 -1165 32787
on -16269 4565 -54781 -37040 54733 74868
on 31918 53358 52954 77962 -20309 -9155
off 6259 30795 63250 73684 25841 49676

